0,2. 0,346732
0,85. 0,346299
1,5. 0,344981
2,1. 0,344565
2,75. 0,343629
3,4. 0,343039
4,05. 0,342207
4,7. 0,341045
5,35. 0,340975
6. 0,339727
6,65. 0,339831
7,3. 0,338756
7,95. 0,339259
8,6. 0,338479
9,25. 0,338305
9,9. 0,338045
10,55. 0,33749
11,2. 0,337005
11,85. 0,336207
12,5. 0,336398
13,15. 0,335167
13,8. 0,335843
14,45. 0,334681
15,1. 0,33534
15,7. 0,334473
16,35. 0,335045
17. 0,334542
17,65. 0,334629
18,3. 0,334369
18,95. 0,333745
19,6. 0,334039
20,25. 0,332895
20,9. 0,333727
21,55. 0,332514
22,2. 0,333519
22,85. 0,3326
23,5. 0,33312
24,15. 0,332774
24,8. 0,332826
25,45. 0,332618
26,05. 0,332184
26,7. 0,332375
27,35. 0,331196
28. 0,332392
28,65. 0,330988
29,3. 0,332357
29,95. 0,331386
